3.266962513657997391e+00
3.282451202858898132e+00
3.297688102830468537e+00
3.311293080554882806e+00
3.321338972267133371e+00
3.330412594943153337e+00
3.335607636498046702e+00
3.341908016297677975e+00
3.351353817903406807e+00
3.367295019910101495e+00
3.383967577769357415e+00
3.399945803182932380e+00
3.410994410383734632e+00
3.419393614082552268e+00
3.423010960213780152e+00
3.426134248106867730e+00
3.430498720891091757e+00
3.445095297860112815e+00
3.461621317268901876e+00
3.474247577464344428e+00
3.482694823394433925e+00
3.484600836280458136e+00
3.482447422625238875e+00
3.481038982581065699e+00
3.483296579559201245e+00
3.494245861326898517e+00
3.511463701301692275e+00
3.527889928389843721e+00
3.542865030541373361e+00
3.549609444019390381e+00
3.551356514042198764e+00
3.552212394673426754e+00
3.556298501922894317e+00
3.567345617277647651e+00
3.584533870001682221e+00
3.601977241215017500e+00
3.618504991137553972e+00
3.627963346883973372e+00
3.631183272324728595e+00
3.633072463322059242e+00
3.637382673944118849e+00
3.647695413518912577e+00
3.664007625846538829e+00
3.682077141492957839e+00
3.700126787161230446e+00
3.711350964298871347e+00
3.716279307637348150e+00
3.718811852944694518e+00
3.723058472686252340e+00
3.732068983150390373e+00
3.747627134653916947e+00
3.765985026406140967e+00
3.785336948326519124e+00
3.798710133485330154e+00
3.805305495398643600e+00
3.808739571818381631e+00
3.812996549021191228e+00
3.820873212252505979e+00
3.835328902912207294e+00
3.854046504513194193e+00
3.874821634056109243e+00
3.890615029813368153e+00
3.898870831582248453e+00
3.902480930528928749e+00
3.907196247727093841e+00
3.913617070223937233e+00
3.927669458281509929e+00
3.946375764921983720e+00
3.968615533371614656e+00
3.986573777954524722e+00
3.997106892053699845e+00
4.001444747096723376e+00
4.006349437893239163e+00
4.011424200843045185e+00
4.024464006807694005e+00
4.043157499894661555e+00
4.067370878786924493e+00
4.087317362721874403e+00
4.100981193435632832e+00
4.105690390433159642e+00
4.110044664219021371e+00
4.112615381248383883e+00
4.123227353516644378e+00
4.140266808833388268e+00
4.164267095006455754e+00
4.183336371563150635e+00
4.196838310097135150e+00
4.198261759215842659e+00
4.196973934607204804e+00
4.193070691410274442e+00
4.197172771122124502e+00
4.205719271056098663e+00
4.219928643493392251e+00
4.230736792480403352e+00
4.236287230501400103e+00
4.229761227651411382e+00
4.223922616681293540e+00
4.215728633866557828e+00
4.213774537589149105e+00
4.211448692951953454e+00
4.212466765686045278e+00
4.208993463136891933e+00
4.205950795044541834e+00
4.195522816427885715e+00
4.186785655653255667e+00
4.172333539438596972e+00
4.162715661399978728e+00
4.148635778157204079e+00
4.135199834487196746e+00
4.119999449782530299e+00
4.101405648690278127e+00
4.083718679014550546e+00
4.057775665154568223e+00
4.029871397051163484e+00
4.009428563043988980e+00
3.970709208610545549e+00
3.945493403301862489e+00
3.903338674134839703e+00
3.876154255936349990e+00
3.818702371534093309e+00
3.777280919889398625e+00
3.732323681428331152e+00
3.681503460291926544e+00
3.630456353680631576e+00
3.573248637497537405e+00
3.516855753435395471e+00
3.454060534806347782e+00
3.392331201325119228e+00
3.323813512310590301e+00
3.256017781645464293e+00
3.180693667680154046e+00
3.105570538928374091e+00
3.022006331722091765e+00
2.941238719804904811e+00
2.852831598351572850e+00
2.768056367388454841e+00
2.675179762659103844e+00
2.584547889761599659e+00
2.481792161829730503e+00
2.378795652399793958e+00
2.262315934555088948e+00
2.145187872081716574e+00
2.012865364321885675e+00
1.875525065183408335e+00
1.715902798090604309e+00
1.542193931124741457e+00
1.338935736941271548e+00
1.114802411711666164e+00
8.548693635409383429e-01
5.646062007152928830e-01
2.272571379012602033e-01
-1.539606714824422184e-01
-5.950030897176052935e-01
-1.093265309668955965e+00
-1.666429821244908460e+00
-2.317168006668564928e+00
-3.065596180597621512e+00
-3.887685668426151153e+00
-4.858247022753841904e+00
-6.075454493262480327e+00
-7.549115917090055028e+00
-9.165970691978644780e+00
-1.081987839111879524e+01
-1.245428255325172451e+01
-1.403324085284802614e+01
-1.555240302821812293e+01
-1.701990180914793882e+01
-1.843153261177414137e+01
-1.976107393280349456e+01
-2.094696204097876446e+01
-2.190226329908664127e+01
-2.253082563495106072e+01
-2.276092372465979707e+01
-2.256887514227759084e+01
-2.200038102515165050e+01
-2.116956115333102062e+01
-2.024036761374163618e+01
-1.937814015932609024e+01
-1.869186860765973535e+01
-1.819256240208675024e+01
-1.781297077222039604e+01
-1.755475120287765733e+01
-1.743044541620062304e+01
-1.739445177094594541e+01
-1.739275662611913731e+01
-1.735533159585208196e+01
-1.721964879764004053e+01
-1.692816230916874076e+01
-1.644544929397849486e+01
-1.575448654763362555e+01
-1.486945325302256826e+01
-1.383036462844557235e+01
-1.271121215922177861e+01
-1.160055339994008250e+01
-1.057935956011044887e+01
-9.684647163659374058e+00
-8.955993086970648775e+00
-8.457037452344923878e+00
-8.249585107627202873e+00
-8.336195269914561834e+00
-8.671774760467068077e+00
-9.286615634789963991e+00
-1.025780457305131321e+01
-1.158792152699455436e+01
-1.316100542408000074e+01
-1.484776468402340477e+01
-1.652299429731669989e+01
-1.810156245271622311e+01
-1.954537825391516037e+01
-2.085049355501830348e+01
-2.202968409022124519e+01
-2.307498775177343475e+01
-2.394467321685838002e+01
-2.456322971122462206e+01
-2.484408542259295416e+01
-2.472389061233328533e+01
-2.418940923393218512e+01
-2.330433600425704199e+01
-2.221182922964639772e+01
-2.110431341167359420e+01
-2.015973279927438000e+01
-1.947263701969042415e+01
-1.900403572455856605e+01
-1.863997921652529755e+01
-1.835705661205414074e+01
-1.814180187570265801e+01
-1.794558389059226045e+01
-1.771504594430318846e+01
-1.739682749753159641e+01
-1.695017356034936995e+01
-1.634709295834261056e+01
-1.558393770161129410e+01
-1.467555705019974965e+01
-1.366338214755122671e+01
-1.259756385113690413e+01
-1.158417686551464953e+01
-1.070252573992791767e+01
-9.915485036150595732e+00
-9.253689884253233799e+00
-8.777962520057476681e+00
-8.529836447711209857e+00
-8.555651603063203936e+00
-8.826486256657572582e+00
-9.292949458851119005e+00
-1.004405438832900366e+01
-1.119274577647236413e+01
-1.270154633471095984e+01
-1.441724976450520757e+01
-1.620087033281963684e+01
-1.794225261630334245e+01
-1.957120161992910212e+01
-2.106585801835533900e+01
-2.242333285762136441e+01
-2.364060882037857070e+01
-2.468721365496891451e+01
-2.549909552461229367e+01
-2.598426726886879479e+01
-2.605587291911795944e+01
-2.566461137261529757e+01
-2.483334040209568272e+01
-2.366914717138973501e+01
-2.235560414433270537e+01
-2.110678851314405335e+01
-2.009649302778138491e+01
-1.938935627689666674e+01
-1.890496188645201414e+01
-1.853431010037729720e+01
-1.829356575402870533e+01
-1.814752173905348798e+01
-1.803857042152435497e+01
-1.790147746017547803e+01
-1.767860816038376726e+01
-1.732010118733468573e+01
-1.679877338803140319e+01
-1.610643908756843601e+01
-1.526635748465061937e+01
-1.432140884607294851e+01
-1.333131233498327894e+01
-1.235072043940724740e+01
-1.144496991749163328e+01
-1.066832246771785009e+01
-1.006408640983353919e+01
-9.676349046900412532e+00
-9.530645344777029848e+00
-9.676967591288716974e+00
-1.016127564967324126e+01
-1.096153084937890654e+01
-1.209958254129213273e+01
-1.358571515486050174e+01
-1.534844111793027288e+01
-1.720728545667473952e+01
-1.899636721329193989e+01
-2.057840049893711765e+01
-2.188197039781127273e+01
-2.287878560006980067e+01
-2.358492438314482342e+01
-2.401436844264675585e+01
-2.418327749395974990e+01
-2.407900865176461735e+01
-2.369172124349669417e+01
-2.300960609562763892e+01
-2.206549895502022807e+01
-2.092317850771457444e+01
-1.970014626988638184e+01
-1.851657436739274587e+01
-1.748663132870682091e+01
-1.664846841573536906e+01
-1.600739192736634564e+01
-1.547241389580442750e+01
-1.493762375785474461e+01
-1.437904058030114385e+01
-1.379125517015585167e+01
-1.315020281634124721e+01
-1.245561203600041722e+01
-1.170305555127154307e+01
-1.091273667094583644e+01
-1.009710820687632626e+01
-9.288619441467011129e+00
-8.502368120624892001e+00
-7.764870232972078234e+00
-7.075859532186388634e+00
-6.444497092242652769e+00
-5.854491752462256393e+00
-5.301057900103551823e+00
-4.784882395689865398e+00
-4.343547929840596566e+00
-3.971917618313400400e+00
-3.685969670056159053e+00
-3.466437397149042532e+00
-3.310112620975742104e+00
-3.169691060397301197e+00
-3.039233081891118182e+00
-2.897414174435013479e+00
-2.749699673663775101e+00
-2.575477671014380743e+00
-2.387456251549105346e+00
-2.171522157474056414e+00
-1.949039817474649716e+00
-1.715148578430577109e+00
-1.497778131590394191e+00
-1.290135812191636866e+00
-1.105509201271934749e+00
-9.270069526687190198e-01
-7.689292488531253023e-01
-6.141003768514604610e-01
-4.752430894009200268e-01
-3.366478969635635088e-01
-2.121787894397637042e-01
-8.837235342576876818e-02
2.142806557465735257e-02
1.324397491844544195e-01
2.299129269083617921e-01
3.313816742398658644e-01
4.198383270483325713e-01
5.127810599680756587e-01
5.970188005747674165e-01
6.814704840169344413e-01
7.687657617368736096e-01
8.416340907229564738e-01
9.301514096715344238e-01
9.994181310970405852e-01
1.072078831782923736e+00
1.143624455018326547e+00
1.212983879081343641e+00
1.278800329531953217e+00
1.350458640004871258e+00
1.409018139487077770e+00
1.480210832718633851e+00
1.529883711984192374e+00
1.599137812336469233e+00
1.648476963767192327e+00
1.702660364292801098e+00
1.755578841181380190e+00
1.805259161912449617e+00
1.851771829535078240e+00
1.902000093384080825e+00
1.944927340379726699e+00
1.990667329158449350e+00
2.028694493352576345e+00
2.070297164748696961e+00
2.103265171287195479e+00
2.144323002375172926e+00
2.174894886477059419e+00
2.209957427475261582e+00
2.241155467437912385e+00
2.275543835463182507e+00
2.301842940358336698e+00
2.332842138659494413e+00
2.354883827537272545e+00
2.380770722102777626e+00
2.403645055136577113e+00
2.430717236416752858e+00
2.455352844396235135e+00
2.483478652787402652e+00
2.505502673170681760e+00
2.527584489908723864e+00
2.543515871533083228e+00
2.561891620103732503e+00
2.577925797964550902e+00
2.601644463028135679e+00
2.624622103084027103e+00
2.653556600579090485e+00
2.677036580493945106e+00
2.697939225995844126e+00
2.711788456825954707e+00
2.727075169842686719e+00
2.742883263408777861e+00
2.769565879490168747e+00
2.798658496333648049e+00
2.824713922167306990e+00
2.843202727246083139e+00
2.857675170144541976e+00
2.864802571261795272e+00
2.872811313363682562e+00
2.879151413303884688e+00
2.892877022724815728e+00
2.907961808663356962e+00
2.924593570169237822e+00
2.937762693934298674e+00
2.949682312531119344e+00
2.957894738800380008e+00
2.966660699356065578e+00
2.973635097144911033e+00
2.985315941134917495e+00
2.999468647761534434e+00
3.014919865926703579e+00
3.028470538447981752e+00
3.040297998046636252e+00
3.049565216160036840e+00
3.058876469410937382e+00
3.065854460593261610e+00
3.076198142760731447e+00
3.089552168037066338e+00
3.104752876660644478e+00
3.118763468368359160e+00
3.130754460873556688e+00
3.140514298143294525e+00
3.150062622027669512e+00
3.156496197442078877e+00
3.165512580617589222e+00
3.178594888889920256e+00
3.194138550150368960e+00
3.208680400844802882e+00
3.221102303387673782e+00
3.231096852767165739e+00
3.240735396400325818e+00
3.246884786035394654e+00
3.254731363142263412e+00
